51
1437|1441
1439|1435
1439|1440
1440|1439
1440|1443
1441|1437
1441|1443
1441|1446
1441|1449
1441|1451
1443|1440
1443|1441
1443|1446
1445|1436
1445|1438
1445|1444
1445|1451
1445|1453
1446|1441
1446|1443
1446|1452
1451|1441
1451|1445
1451|1453
1451|1462
1452|1446
1452|1459
1453|1445
1453|1450
1453|1451
1453|1457
1453|1462
1459|1452
1459|1460
1459|1471
1459|1473
1460|1459
1460|1464
1462|1451
1462|1453
1462|1461
1462|1464
1462|1468
1464|1460
1464|1462
1464|1470
1470|1464
1470|1474
1471|1459
1471|1474
1471|1480
