54
1206|1199
1206|1203
1206|1208
1206|1211
1207|1195
1207|1196
1207|1197
1207|1202
1207|1208
1207|1215
1207|1220
1208|1203
1208|1206
1208|1207
1213|1212
1213|1220
1213|1221
1220|1195
1220|1196
1220|1197
1220|1202
1220|1207
1220|1213
1220|1216
1220|1221
1220|1223
1220|1225
1220|1227
1221|1213
1221|1220
1221|1223
1221|1225
1221|1227
1223|1220
1223|1221
1223|1224
1223|1225
1223|1227
1225|1215
1225|1216
1225|1220
1225|1221
1225|1223
1225|1227
1225|1231
1225|1232
1227|1196
1227|1215
1227|1216
1227|1220
1227|1221
1227|1223
1227|1225
1227|1229
