58
644|630
644|638
644|646
644|660
645|630
645|639
645|641
645|646
645|647
645|656
645|658
646|630
646|638
646|641
646|644
646|645
646|656
646|657
646|659
647|630
647|632
647|639
647|641
647|645
647|649
647|656
647|657
647|659
656|645
656|646
656|647
656|657
656|658
656|659
656|661
656|667
657|630
657|646
657|647
657|656
657|658
657|660
657|667
658|630
658|645
658|656
658|657
658|659
658|669
659|646
659|647
659|656
659|658
659|661
659|668
660|644
660|657
660|663
