98
1436|1434
1436|1438
1436|1442
1436|1444
1436|1445
1436|1515
1436|1517
1438|1434
1438|1436
1438|1442
1438|1445
1438|1447
1438|1515
1438|1517
1442|1436
1442|1438
1442|1454
1442|1455
1444|1436
1444|1445
1444|1450
1444|1454
1447|1438
1447|1448
1447|1456
1447|1458
1448|1447
1448|1450
1448|1455
1450|1444
1450|1448
1450|1453
1450|1454
1450|1455
1450|1456
1454|1442
1454|1444
1454|1450
1454|1457
1454|1461
1454|1466
1455|1442
1455|1448
1455|1450
1455|1457
1455|1463
1455|1466
1456|1447
1456|1450
1456|1457
1456|1458
1456|1467
1457|1453
1457|1454
1457|1455
1457|1456
1457|1461
1457|1463
1458|1447
1458|1456
1458|1465
1458|1467
1461|1454
1461|1457
1461|1462
1461|1468
1463|1455
1463|1457
1463|1467
1463|1469
1465|1458
1465|1479
1466|1454
1466|1455
1466|1468
1466|1469
1466|1475
1466|1476
1466|1481
1466|1484
1467|1456
1467|1458
1467|1463
1467|1469
1467|1472
1468|1461
1468|1462
1468|1466
1468|1469
1468|1475
1468|1481
1469|1463
1469|1466
1469|1467
1469|1468
1469|1476
1469|1480
1472|1467
